1110011110101000001010110011000010001001110001001001111100001000111100101010000011110011010000100001
1001000110110101001000110101011000010010100000010111001001010111001110101011100000100000011000110010
1100001000001110101101000010011000111011001111001010010100001110110011010110010110100001011011001110
0011001101111001001111011010100111101101110101011100110000010000110110100110110101101110011001100101
0011011001001101001011100110000010110111001011000100001000010100100010001010000010011111101000110001
1011011001000001100001011100111010110100010001111000010101001111101101011100110011111001001010100011
1111011011110101010000000101100001100011011001100001001000011000110011111110001110001001010110100001
0100101000011011000100101101001100010000100000011001110011111110110010011000011001110000111011001101
0010100010000000100101100000000111010101000100011101010110101001111001011100100101101000011010001100
0111111010000111001122220100222220000010100100100110111011010101011110010011011110111100111101110122
0001011011100111111010222220110221110111111000110011001010000001011100001001010000000110001110110110
0010010011101100110010010000111000000100000100000101001000001110110110000111000000111001011001001110
1000111001000001010100000110101010010000011100110001001000111011101000100010101111001010100100000010
1000001011111111033333333333333310001000001010000110111001101011000001011000001100100000000101010000
1110010100010100010133333333330000000000000000000000000101101001001010101101001100000111100001010101
0011110001101001101110101110100110010001011100001110001100101000000100000110010000111100010101111110
1010010010110010100001100111101011001111101110100110111001000000101011011101011110001010010101011110
1100101111100111111100100110110111010111001001110010001111100101101000000111010101111000000010100100
1001000000000100110000101011010111100100110110111101100011000110010010100101100111110110110100101011
1100011111001010011001100010011010110100011010101010010000001001001101111100000101000111001111101010
0110110011010110101111111100000111000111111111001001110010101101110100001100010011100000000010111110
0010100001101100111111101101111101000000111010001010101111110101010010101111001010011110000010010001
1110010010111001010101110001001100111111011101011000010111111110000011101010110110111111010000111001
0000111000101000001101111110111101111110101010000011101110011000100110001101110000101101000101100101
0001100100101101000111101010110101100010000101100010011110000100100101001001011010100000111000011000
1010110101110100010111101011100111010000111101001001011001100101000111111001000001010111101001010111
1100111000010110011111100110011111110110010100100110100010100011110000110110011101100110100101000101
0000101101011001011110100011100101010000111001111001010010111111111101000110011100010111011100111111
0110101001010001011010110010100111001010101010110011001100010110000111010011101001010100000110010001
1101110001111011011100101100111001110010100011101110111000001100100101111100100111001011011100001000
1101011111101110000010101101001011100111111110000100010010010110111111010111110000100111001110011001
1111000100111000000110101001101011011100011010100001100101100010101100011101000110111011110000110100
0101101101111110101110110101101011110101011010100011100001110001111001100001101010100011111111110110
1100000000010011001000011100100101000101100000110110000110010010001100000000111110101000001000111011
0011011011000111110111011100100110000111010100011100001101100001100010101011110000101110111001110011
0000010110101011100000101111011000101100010111110100000110100101100101100110011000000001000111110110
1101000010110100000100000101011000001001001101010111010010101011101100010011110110100111000010111010
1111000000111101111110111001000011100010000010111000001000110011010001010100100010011110111011000101
0100001101111011000000101110000100111011010100010000101110011100101111111010100001010110000101011101
1111100110011011010000000011011000101111111000001101011011100010010111011111100111111011011101110000
1000110110111011001110110101011011001000100010111111010011011100101010111111010111010001110010010010
0011001000100100011010111001111100110110011011110010000001000101110110110000111100001101000110101110
1000011001001000101001100001100100001100111111000010001101100000101110010100111001011001110010110100
1100111000011011100110111100010011010011000000101111010100101010000010111111001111001011010111100110
0101110110011101110001110100110011000100110010110110101100011000110011101101011101001011101110000000
1001001000011101010110100010010110101001100001100100011001101100111010101110111110000100011000101101
1011000111100010100000101110101010010111011100110100110111110111111011000010101110000101000100111011
1110001010011000001111100000111010110110000011111110000100110010100111111101111010111000110000100001
1001100111000101011110010110101110111000010111111011000100111100010101000110001010010001111100001000
0111010000010010000010011100100001101110011111000010101010000000100110001010001100100000011110011101
1110110111111110000010000000110001001101111100110101100000101111110111101110110111000011000010110100
1101011001100110001110101100001101100001101110111011000010011111101000101001101011000100110110111000
0010010101001101011100010010111010000010111100111100100000110000000010110010000001110110101110000111
1101100011110110011011011101001011000100000100010000000011011101100111011000001010000111101001110000
0001101111111010011111110110111010110010101111101100001101110110100111011110001110100001100101111111
0101000101111100011100100101010110100000110001111110011011000001111101001010010000011110110100110100
1000000111100110011010000000111000100111110011000100101111111000101010011010011001110001101111011101
1010001010111110011101100010110011111111011110000111110011001000000100011000100110100100111001010110
0111011011000010001001100001001000001011101010110010000111001001111101001100010100100101100011010101
0010100000101110111100100001111001010101001100110011101010101001111000000000001000011011011111110110
0110010101000011001100101111100111100101000101101011011001100100010111010101100011101000111001100111
0010000101001100110110000001111010100110111001100110011000010011101010101011111011011110000101001011
1010100111000011011001010100110101010011010111111110010000100100101111101110001100011011010101001110
1001100001100001101101011010001010000001111010010100011101001010100010101010110010100110011110001001
0011100010101000101000110000110010010001000011100011011001010100000101100110011101111010111111011101
0000100001010100001000010001110100001011101101111001110110101111110011100110111011110011111011101100
0111010001001101100001101000111111110111101110110100110010111100010001110110010000010001110000101001
1000001100100001000000100110001011011010110010110011110110110111010011010000000111101001011001110010
0100101111010011011110110100100011100000011000111111101010011110100010010000000111010111011010110100
0111111100000011001011101101010100001100010010000000000000111101001010101100000010001110100010001111
1010111111111110100011001011101011111010110101001011001110011110110010001010010010111001011001001000
1000011111000001011011010010111000101101010100100010111100110111011101111101100010011100000111111001
0111101011111000101001110011100100101101000110100001010001000011111111001011101011101110101101100010
1000101010010111000111011111010101011110100011011001111001110110001100111100011100110100101111100111
1101100010010001001001010010111011110110010100101000010101111000110001110101000101011011101001001111
0011001001111000111001001110110111111010001001011111010000001000011110111001011001000110010001001100
0111010000111110110100001001011111100100111101011111011111110111010100001101100100100100101110101011
0111000000000100101011110011011000000100110010111001101101100000110101010000100011100110111000001001
0011101100010100110100110000111011001111100110001100100111001010111000110101000100001000110101111101
0101011101100100111111011011111010111101001101011000100101000001000111011011111010101101100111101010
0110000100011101000100000110011111011110001010110110010101111110011010001010010000010010001100101001
0000000001010111001100011101011111110000001111101001001101001111010100011101100000000110111101111011
0010011101110001010000100010010001011111001001110101000011100110011101011111010101110000101010111010
1011111011101110111010111010110111011010000110000001011100001110000100100110110110001101010100110011
1111010101001111110101010111100011010111100100111010011100111100100100110010011110010001001101100010
1000000110011011101110111100111101011000000101011000100010101111110110110001111110001111000001010010
0111011001010011001000111111101001101010010101111110100111111100111001101100101111101100000100111111
0110000000000001111111001110011010001111011100011101100000110000101010101111011010001010011000101101
0111000110010110111111110011101001000010000000011001011101100111101000011101000011000110000001100100
0100011110111000111010000101000000100011100001001110000101010111110000100001010010001000111011001100
0100010101000110011001010011001100010001000001011010110100011111000001101111100001100101110011010100
0011101000011101010000100110000110100001010111111011010001001100110010111111000111000111111010001001
1011010110111101000111011001110110111000111110111101011011010100101100001000101101001010000100011100
0010011010110011101011000111000010001110111101000010011001010100001101100111101100001010101010011111
1001010000001100011010011101111011111100100100001100010101001111111100011110011100111011001111101101
1011010011100000101000010111110010101110011000011100101001010110110111111110001100011010100001001000
1111100010101011110100101111100010101000001101100001001011001001011000011101010000010111110001111101
0001110100001000110010011111010001100110001101111111101011000010000000001101000111100100011100000001
1011100011100000010011010101100111000011110011010010111100101001100011111010010000111100001000000001
